mea-

Ι 111111111 111111 11111111111111111111111111111111111111111Ν11

Ρω111.101’111.1111.ρ111.1),1111111 1111111111 111111111111 (11111111.

mnt.um.111n)wm1nmtumumma·mq- '

111111111111111111111111111 mimae-(mamm 1111111111

.’ 11.1111.1)111111111 1111111111111((11.11111. 1111111111111111 1111. 10

1111. 1 11 1 11111111 1111111 111 11111 11111111111111 11111.111.11η1.111.111
111111111111111111. 1111111111. 1111111 [111111111111111111
11111111),11111111111111111111111111111111111111111111111111111
11111111111111111111111111111111111111111111.1111111>111111·11111111111
1111.1111.1),111111111111111111111111111 1111111011111 (111111111111)
1111111 mptum 1111111 (111111 11. 11111. 11) 1111111111 11111111 (1111111. 11
11111 11 111 01111111 1111111111· 1111111 11. 111111 vl 10 - (ne. 11 11, 111

1 11. 111 1111111 111111 1111111 11111111 11111111 0113. 111 PM 111. 11) 1111·

(Sext. 11)1)111 (11111 1111111111 011. 11 11. 111 11.11) 11111111 1111111
111111. 1 1111111111] 011. 11. 0111. 111111. 111 11) 11111 11111111 (011. 11. 1111.
' 10 1111. 11) 1111111111 (vnn. 10 1111 11)) 111 111 mulo·- (111111111ιὸ1)
111111 1111111, 111 1111111111 1111111 1111 1111111111 111111111111 11111 1111 (Pam
11 011. 11. 110); 1111 11111 111111 1111111 11111 1111111111 1111111111· 11111111
1111 1111111111. 1111111 111 111 1111 1111111 1111111111· 1111111111111 ab·
1111111111 111111111111111111(1·οη11.11). 11111 111111 111111 011711111111111111
1111111111 11111111 1111 111111111 1111111 1111111111 11111111· 1111111111· 11
11111 11111 11111 111111 11111 11111 1111111 1111111 1111 11 1111111111 (011. 11 111.
1111111111 111111111111111111 qni 1111 111 1 1111111111 11111111
(1111111111 111111. 111111. 101), 1111111111111111 [11111111 1111111111 1111111111. 1111111
11 manippum 1111 quoqu· 1111111)1 11111111 111 11111 1111 1111 11111111111111 11-
⁴ 111111 1111111111 (11111. Eup. Ι. 1. 1111111. 11 vm. 1111. 1)) 1111 1111111 1111111111
1111111111 1111111111 111 (011. 11 1111111. 11 0111111111 1111111 11111111), quint·
1111111111111111 1111111111111111111111111111111 11111 11111 11111111111
1111111 (1111111. 10 0111111111 1111111111 11111111 011. 11 111. 1111. 11 11. 111.
11 11. 11 0111111111 nomin 11111111) 11111. 11 11111. lv 1. 1 11111. sm,
p. 111 H (ι 11111. 111. 1 11. 111), 1111 11111111 mmuh (111111. 10 0111.
· 1 0111. 1111111 1111. 11 pm. 11 101011. 1111111. u 11. 111)1 1111 m
1111 1111111 111 prouentum 111, 1111 111111 1111111111 111 (1111111 011. 111. 1111.
11 11. 110 chry-{mn 11111111111111 11111111 11111111 111 1. 111 1111). 111
‚ 11111 111 111 1111111111· 11111 11 11111111 1111 1111111111 1111111111 1111
1111111 1111111111 1111111 1111111111 1111111111, quom 1111111 111· 1111 1111111111
1111111111 1111111 11111 wo, 11 1111111111 111111 1111111 111, 111111111111111
1111111 1111111111 1111111111 11111 (1111111111) 1111111111, 111 quipp· 91111 to&
11 1111111111 1111111111111111111111111111111 1111 1111111111· 1111 111
111111111111. 1. 111 111111 1111 11 11 1111111111 1111111 111111 (111111. 10)-111
111111 1111111111 11 11111111 1111 11111111 chry-1912! 11111111, qunqu- 1111111111
11 11 11111111 11111111(111111111 1111111111 1111111 11111 11111111111 11. 01111.
1111111111 1111 111111 1111 11 1111111111 11111 111111 mm· 1111 1111111111,
11111 11111111 1111111111) 1 01111111 11111 111111111111111111 11111 1111111
11111111111111111111111111111111 mmmm· 111111111111111111·
1111111111111111111111111111111111111111111 1111111111111111111111111111111

11111111111111 111111111111111 111111111011111111111111111111Μ

 

