Praefatio.
Ι.

Postquam 11141 1411111414 4144 4111441 amantemque 1444111 ’
1101411141 1141111111 1411 4411111 1101414 Maximum 4411141111 111 4414
44414 441444οἱ1, 1441441111 411 4 4411414411, 44411 4111111411 1111111111
, , 1111111 114411 11141110 4114141414 quaecumque 04 14 4411411 1111411 - ’
4141111144 41411444 quaedam 411114 4441411411 - opinionon 11111144
,1, tum 114014 14411414 4414114 41144 1444104 4414441114, 414 441 11111
·’ 4140444111, 111 441444 141 1114444104 1141141 4414111401101114441141,

01 41 11144 1441114 ¹); 111411 1141114 111 41 4444411111, 111441 111

1) 11111411 11141 4141441111 11111111 44111414 411411141114 111111 (4144. 11141
14414111. 1111 44111 441 04141144 140141111141111 1141. 1). 1141111114 (14.

4144. 1111. 1414) 01111141 (14. 0441141. 11041 111111. 14. 4114110414 mn.
’ [111111. 4. Xl 0111444414 1444111111 (1144411144 4411114 1144111141414111 01111114

1410114111 11111111 4144114111) [14114111 (11. 14411111 4141. 11144. 1144 114. V
4. 414 14.) 1111144041 (44. 111114. 4141111) 414114 (4141 0. 41141141444 441114 ,
141144 1114) 11141111 (4141. 1111. 441141. 11141. 1144 [1111144] 144. 11 4111)
11144111 (411114111144414. 44114. 444) Pauly (mlueyel. 11 4 1414) volk-
4111 (14414111 4444) 041111 (411114. 1111 41114. 4. 414) 1111141144 (411414.

’ 1111. 411111. 1 4. 440) 0411141414 (444 41141111. Pul· 1444 144. 111 4. 40114.)
1144114141 (444441. 1. 41144441. 4141. 1411 4. 4144 4111414114 4441 141114
11411411 411 0111141 141 11444114 444014 1111141 14441114114 4144411 4411441111
11011114 4414 4144141 4114114 114 14141144 4114 410411414111. 40. 14111441
4111114141 04114141 1111)ς 4114111114 11144441 (1111. 0. 141. 11 41114. 114. 1411
144. 104 41 14.) 41 11444114 (01 444141. 144414414111. 14114.1141444114 1414).
11114 1114411114 41111141 14 11111 1111114114114141 4111 44411144 41114114 4114
1441111 ’41 141141 111141 4111411 41411114 141144 (14111 41410114 41114. 4. 41111·
4411. 1141141. 14114. 41414.) 4114 441144. 111. 144 114. 414. 0414414141 1. ’
114111 (41114114 441 14441111 41444 14411 4411144 4114 1111114111 m 1444
144. 11 414114) 4111144 (144 4411111144 1414 1444114 41414) 11144141441 1111111· -
4414114111114. 444. 444. 101)1111.

⁴>
)  .

1

 

