-iii-

11 3111γό1 1111111111, 1111111 1111113111111111111 111 1111111111111
Quid 11111111 1111111 111111111111111111 quai 1111111111 111111 1 1111111

1111111 311111111 11131111111111111, apud 1111111111 philosophia 11111- ·

11111 11111131 311111 111113 - 11 1111111111 -111111 11111 111111111111,

ι] .

1111111111 1111111111 11 311111 111111111 11 311111111, 11 11111111 ‹

1111111 11111 1111111111 11111131111, quo mugi· ii 111111 11111 pot·
1111111 11131 111111111111111, 11 1111111131 13 1111 pervenire 11131-

11111 (Ρι 1111131111 11 p. 11111 111. 33 nui 31 113. 1111 7. 1. ⁴

111111. in„ 111 33. 3. 3, 1113111 113111 11111131333, 371]
Iulia 3 1731 31111111. 11. 33); 1111111111 omuibus 11111111 111
11111111111111111, 111111 31111111 1111111 1111111111 1111 111111 1111111

, 11111111 1111111111111 (1111311111 111 33 Ρι 3111 3 1. 1 111. . ·

3-11)1111111 311 1113111 1113 1111111111 111 legitur (33.1). -
111 11 113111 1111 1111 111111111111 111111 generis 1111111111 11111111
1111111111 11111113 primum 1111111111 111 1111111111 exemplo 1111 1111111111
1111111 (1111111111 33. 3 11Ρ1Ρ111. 113) Agamemnonem 3111 ὀρ-

γῆς εἷς 33111 φερόμενοι (11.1111111111111111131 rationem 111111 i„

u 1111111, 1111 7111111111 (13. 173 3) 11 Ι111(31. 13) exposuerunt)

1113111111 (1311113311) 1111111111 111111111 optimum (33. 311311. ·

Ρι 31111 133 1111 11201213 3313, 373 311111111111 311111
111111 1111111 11111111 1111311111 11 30131 3111111111 13. 173 1) 111-
11311311 ’3111111111 31111111γὸ1 (oi Dio 11 33 κακόλογοιΡε. Ρ111
311 3111 31 113 poet 111. 13 31 11113. etp. 5 (3371)) 11111111
11111111 Ulixen 111 &nimias (33. 3 Ρι. 1111 111) 1111111111 11111·
1111(33. 5 Ρι 3111 133173 1111 1111) 111 1111111313113111131
(quoi 11111 111111 111 11. 111111 111 1. 331 nimi 11 373 131. 3 -
1113111 1111111111 1113 13111111 1113131111 1111 111111111111111

11111111111 11131 μιν πληγῇσι ἀεικελίῃσι 3111131111 Pa 3111 1331
1113111 11111111 13 Diogenem eyminum 1111111111 3. i, 31. 3 -)
’ 111131131111111111111111111111111(33. 3, 3. 1, 3. 3, Pi Ρ111133)
111 1111111 1111111 (111 111111. 11111. 31) 1111111 1111311111 11111111
(ιιιιιιιιιι mixi· ιιιιι ιιιιριιιιιι 111 1111111111) iori- »ζ s

numam.m 113111111. 1111111111111111 11111111311
ιιι m 11. 1111111111 111. 1ιιιι1 1111 1111111111.
ΙῦιΥΙΗ)011111111.11111.(Ι>1111337)11111. munim-odicium
mwmhummUoei-mutnmumw.

 

