..15-

4444 4414444 444414 44 4444 4414 44 4441144414 4444144 14 4444 444144
414; Romae 444444 44144444 4444 44441444 praeterquamquod 44 amatur
4441 4 44444 rhetorum 44144 144444 4444444 4444414444 1441411), .
insuper 4444441 44414141·) 1444444444 44444 4444144411 44444 4444444.

4444 1444414 44444 44441444 14444 44 4444444414 4 41414 4144414 4444 4444 44444· 4444
14444444 444144414141414,44444444144441144444444 4144441444 44444 14444444. sk
4114444 44441444 44 44441444 44444 d· 4414444444, 44411 4144444414 14444444 14 411444

, 44144444414441444414441444441. (114. 1141) 44141 4444144444 4414444141444· '

’ 44444 (41444 p. 414) chri-t (44. 4144. mh. 4114 ef. 41144144 4. 4.). [1444414414444

4414444444 4444444441444 4444444 1144414441) (nr. 1144. 444414. 1 11114 44444444444·
4444114444 4444444444 4441 41444 444 4144444444 (1 4. 11144141 44.) 441144444144 44441-
444444 4414444444 444 (1444444444, 1441444444 4144 44 4144444444 1441444444μό4 4444444Δ
444444 444 1144444144 444. 41444 1441144144 414 ,44441444 4144 44444414 44441 14 444
4441444414· 1444444 444 (44441) 44444 4144444414444 44444444 1444 4444 14414
41144444 444144 videtur.

14) 14 444414 4444444444 44444 44 1144141444 41. 4) 4414444 04414444 44114444
444 4444444 4444144444 444 4444 44444 4414444144 11444414 44414444 44444 nanu-s
(444 41. ’1. 41411. 444144 4. 41. 444444. 1144444444, 11441144 1441 p. 1) 41 14144444 a·
4444441144 441444 24114444 4114 444 4444444 4441444444 1444114 44444444 (144444 4414444

,“ 14 444 14444 444444414444 44444 444414 441414 4444444444 444144 44444 444444 4544444

οὗ 44444444 odat 44444444 444 ’11144441441444144 summ (4411. 144444, 14. 4) ad
(1444444 4444144444 (11444 4444.
14) 1444414414444 4444444444 4444444444 444 444144 11441441- 4444 444 1444 4144444

,argumentum posuit 4444444 44 44 444 soma 444444 (er. ’4. 4, 4. 4, 4. 4, 44 4,
“ 11. 1, 11.1,10.1,14. 1,11.1,11.4, 41). 4), 4441444 444444 44444 444 444 4

114414444441444 4444144444 444 44444 11141444 4444444444444 4444 111, 114, 14111 d·

·44144414441414444 114144144 4444. 44 emend. 4114144144ςᾶ 1144 1144 44111)

’ 4444444444 44 414444 444 41444 441 14 414444 44444 4441444444 144444 ⁸·
'¹ 44414444 4444. Quo 14 torpore 444444 4444 44444 44144444 4444444

- 1444414414 14. Τ. Πλατωνικοῦ 4444446444 4414 1414444 1444144444 1

- 444444 44444444 4444 - 441 44444 44444144144444 44 name 1441444Σ44444144

44) 4441444444444 44444 441444 4114414 4. v. 44444444) 41 καλῶς 1144441444 444 - ‚

4144144444 - 44 4444444 4444 441444 ordo 44414444 - 1444444144 4. 41. 44444
144444 4414444 4444444αοῦ4 144444 414 4441444 444 41 scaz 44441 11144444 441 n·
4444144414 44144144 44414414 44414444 4441144 444 4444 444 44414444 - 444 444 u·
stiterunt orationum 4444444, 41444444 44144444 444 4441444 4444444444 4444 44144
441444 4441. 1144141444444144414444 41414 1444141444 44441. 144144. 441. 4144444444444
41444444 4444411114 4444 4441 44 vm XXXV 444444 44 44444414 44414 meum
4444444 444444 4444444444 4444 1444 4144 44444 441 μα’ 4414144444 4444 ud·-
4414441444 444 44444414 44-40 44444144444 44441444 44 4444 4 ’
manuscriptum 444 1414 4444444 44 44144444 quodum 4411444 44444 Ι ’

ΓΤΤ.

inscriptionem 4411444 14444414, 14444 4 (4114414414 41141444. 1444 ,1, 1¹!

44144 44444 4141444444 (44441. 41441. 444441441414144. 1111 p. m η wie·- ’
Δ..

1

’4414 4441444 4441444144 α’ 44 44441444 11. Τ. 4444444νὸ4444. 4444444 ss

,1) ¹

1

 

