...72-

ἰμ1 11111. 11111.111ι.111.11ο.11 11111111111111),
-11.111.1.1.1.101’11. 11111111).1111111111111111111111111111111111

’111111 11111 11 11111111(1111111111 1111 1111111111 1111 1111111, 1111111111·

111 1111. 11 - 1111 11111111 1111111 111 polypus 11111. 101111. 11 111111 Ι .'
11111 1111. 11 flat 10 011. 11. 111 (1111111111 1111 111111) 111111. 11110( ἶ

’1111111111 (1111110111) 111111 111111 1111. 10 011. 111. 1. 11 11. 111

1111. 1111. 1 11 (1111) 1111. 11. 11 numan 1111. 11 rm 1111111111. 11 ⁴

ΡΗ. 11011. 11 11. 1. 11. 11 11111. 111. 11 vnn. 11 (1111. 1 11 (1111111111 11
1111111111) 11111 11111. 1111 1111111 11111 11111111.111111(1111.11ι1.1

1111)( 11111111111111111 propria 11111111 (111 (11111111) 111111. 11 ”

1111. 11 111111) mn. 11 1111 11 11111 011. 111. 1111. 11 11. 111 1111 10 (11.
11) 111. Tyr. 11. 1 11111111 11111111 1111111111 11 1111111111 1111111111 0113. 111
m 11 1111. 1111. 11 pm. Ι 11 (111111111 p. 1 111. 1) 111111. 11111111. 11.
1111. 111. 1 111 1111111111 (1111111) (11. 111. 1111. 11 11. 111 11111. 10 11111. 11

11.. 11111111111111111. 11 111. 11) 11111... ηιμ... nummo· 111. , ’

11 11111 1 1111111111 11111 1111111111 1. 11111. 1. 1 1111. 1. 11 1111 „purgantes
Ἴ cte. 111. 1111. 10. 111 111. 1. 1111. 11. 11. 0111111111 11111111 111111. 10 vnn. 11
011. 1. 1. 10. 111 111. 1. 1111. 1 10 (11111. 1 vua. 1. 11 111111 11111111 1111111
m 11 vnn. 1. 11 011111 (11. 0111. 110) 11111 1111111111 11111 1111111111 (111.
1. 111. 11. 111 lm 11 111111 111111. 11111110. 111 vm. 11. vnn. 1. 11 -)
111 1111· 1111111 quadan 1111 1 11111111 1111 1111111111(1’11(11.11’11ΙΙ. 11) 1111
msto 111111 1111111 11111111 111111 111111 (1·111. 11-11 111111. 11) 1111 1111111
’ a· nn· 11111111 (1111 11 vomu. 1 ιιι-ιρι. 111111.. 1111. 11 1111 1). vtum ³ '
11 11111 1111111 11111 1111111111 1111111111 (1111111111 11111111 1111111111 11111
, dones 111 111 «1 111.. sm 11. man. 11 vm 1 vomu.. 11 11. chry-{ppu-
11111111. 111111. (0111101111111111 111) 1χ11 (1 1111111111) 1111 1111111111.
1111111111) 11111111 11 111 111111ιὲ1111 11111111 11111 (1111111111) ἣν 11111
’ 1111 111111 11111111 11. 11111111. 11 11 qu· 011111 1111111111. p. 10111111. 111.
notk. u) 111 11111 11 (111111- munus 1111 1111111 111111 1111 11
ue- 1111111 opatu 1111111 Chrysippi 1111 11111111 11. (11111. 11 (1111. 11111. 11
1111111 111111 11111. vu 111 111111111 011. 11 11. 111 10 11 (111111111. 11
p. 111) 111111 111 1 ρ. 111 111. 1, 111 111. 1 11. quoqne l'lut. 11 1111. 1111.
um 1111111 111 1111111111111111 11111111 111 1111 11111 (11111. 1). 1111 1111

» ’ 11111111111111111.11111111111111111111111111111
1111111111110111111111-111111 11μ1(1111.1ι.11.μ.111.11111.ι. .

1. 111 11. 111111 (11 111. 111111 11. 11. 11. 11, 11. 111 (111111 01111. 11111
n· 1. ((111) 1111 111 1111 atqu 111111 111111 111111 111111 11. qnod 1111111 111.
111 11111111 1111 111111 1111 111(1’111. 1). 11111 111111 11 1111 1111111111 1111111111 111111
1111111, 1111111111 1111111111 1111 111111111111 111111 111 1111111111 11 1111111
1ης1111111111111111111111111111(1’111111’111.1),111111111111 111111111

1)1111 (11111 11 1111111111· 1111111111· 11111111 11111111 11111 111·
1111·,1111ὴ11111111111111111111111 1111111111 11111 111111111111111

111 pm 111111 11 1111111 1111 1111111 1111111111 11111111 tam 11 111
1111111111111111111111111111111111111111111 mouth-Mun
111111111111111111111111111111111111.

 

