-40..

11111 11111 11111111 111111ς 1111, un 11111 Am 1111111 11111111
1111111111 111111111 111 11 11111111 111 quod 11 1111111111 11
mnam 1111111 111111 1111111111 m 111111 1111111111 11-

111111(111111111. 17111111 111111 1111111 compendium ”

hom 11111111 111111111111111111. 11111111 111 1111111111
· 1111111111 1111111111, 1111 11111 11111111 11111111 1111111111,
{m 111111 111111 11111111, 11 1111111 8111111111, 1111111111
11111111111111 11111 Ρ11111111 1 quibu· 1111 1111111 1111 1111 111-
mun 1111111111 11111 11111 1111111111111111 1111 1111111111 -
11 111111 11111 1111111111 11111111 Ex 11111 1111111111, 11 1111
1111111 11111111 1111111111 11 quom 111111111 111 11111111 111111
11111 11111111 11111111111111111111111111111. 1 fragm. 1111
uun. 111111), 111111111111111 11 1111111 ἐστὶ τήν 11 11111111 αἴτι’·
ar 1111111 ml 111 μετ’ 1111111 τάξιν τῶν 11111 καὶ τὴν κόσμου
φύσιν, 111 11 111111χῆ1 111 111111, 1111111111 11 καὶ 1111111111
καὶ 1111111111)νωὶ 111111 ml τὰς 11 τούτων γιγνομένας ἀγα-
’11111 111 111111 πολιτείας iactr, 111 1111111111 111111 εἰς
111 1111111 1111111. 111 11111111 1111 111111 111111, 1111 11111111 ⁴
111111 11111111, 1111111, 111 111 11111 11 1111111111 Etiam
111111 111111 1111 11111· 1111111111111 11111111 1111 111111 Plo·
1111111111111111 11111111, 1111111111, 111 11111 11111 opuseulum 11111
&musmo 1111111 11111111 111 (111111 111 1. 111), 11 111,
1111111111 11111 11111111, 1111111111 11 qm 1111111 aliorumque
1111111111 11111111 1111111 1111111 1111111111. (111 11111 11111-
11111 11111 11 111111, 1111 111111, 111111 111 1111111111111 111111-
01111111, 11111111 11111111 111, 1111 11111111 111 11111 11111·
111111 111 11111111 111 1111111111 111111111 111 11111111 111111
111111 111 11111111 111 1111111 1111 1111111111 111 1111 111111 111111
1111111111 11111111 111111 11111111 1111111 1111, 1111111 1
sobolum 1111111111111111111111111 1111 11111 1111111 11111·
111 - 011111 1111 1111111 1111 1111111111, 11 11111 1111111111

Μ 11 111, 111111111111111111111 1111111, 111111 1111111111 '
1111111 1111111111 1111111

1111 1111111Ρ1111 11111 111111 11111111 1111111 111111 111
1111111 1111111118 11111111 1111111 (111111 1. 187), 11111
11111111 11111, 111 11111111 111111 11 111111 1111111 ΠΙ 11 111111

 

