.. 24 ..
1111 11111111 1111 1111111111ρω 1111111111 111111 11111111 11

11111111 111111111111111111 11111111 1111111111 111111 11111 113111-
11111 1111111111 omi 1111 1111111 prmum 11111111 111 111
qm 11111111 nt 1111111111 mimir quod 11111111 111111
md discipulos 11111111, 111 11111 1111 11111 1111 1111111111

11 11111111 111111111111111 1111 111111 111111111 111111 111111 1111 ,

11 11111 11111111 111111 1111111111. αὐτοσχεδιάσματα 11111111111111
⁸¹¹· 111111 mm ,

IV. Por 11 1111111 11111 qum 1111111 1111111 1111111111
ungu 11 11 1111 11111111111111 1111111 1111111111 1111111111 11 1111111111
1111111111111111111111 11111111 111 debemus 1111111111 nunquam
· 111111 1111111111111111111111 11111 1111111111 1111111111 1111111 1111
pm& 1111111111 11111111111 111 111111 1111111, 11111111111 111 11111·
111111, 1111 1111111 111111111111111 11 11 11111111 1111111111, 11111111
111111111111 11111111 111111 111111 1111111 1111111111 11111111111 .

11111111111111111 11111111111111 quam 11 11 11111111 ubi 111111 .

11111111111111111, 111111 hu oonooptloueu 1111111 1111111111111111 ’-
qnod 11111111 1111111 111111111111111111111111111111 1111 111111
1111111 1111111 mm 11 1111111111111111111111 opu· 1111 11111111
1111111 providentium, 1111111 111111, proptor 1111111111, proptor 111111,
(11.1), 1111 111111 11) 111 quoe 11 primo 1111 11111 1111 (11111, 1111
11111 1111 11111111 1111111 1111111111, 1111111111 11111111111111
11111111 1111 1111111111111111111111111111111 1111111 An (1111111111
11111111 (111111 1111111111 καὶ ἐμπαθὲς) 11111 proponunto 1111111111,
11 111111111 1111111111111111111111111 111111111111111111111 Nm
1111111111 1111 1111111111, 11111111 111111 11111111 1111111111 11111·
1111111111ωῶ11111111 111 111111 quibu· 11111111 prout· 11111 11111·
11111. 1111111111 111 1111 11111111 1111111111). 0111111111111
qm 11111 »1111111111 11111 11. 11 tq. 111 1111 11111111 1111 1111 1111·

μ11γιμω...111111111ηι111111-11111111111 2¹

τινἠὼιζίμκτδ 1116111111..1ἷ113’”011111111111111-11.1111Η1111111..
111111111111111111111111111111111111111111..,11111

41111111111181111111111111111 κιὶᾶδικῑσθατῷωηωωὶᾶίηωθω- ·
nmmummsmauummmzwmm

”Muenssudmfldmlmmpm

 

