..10-

111111111 111111111 1111111 111111111 11111111 quoquo 11111 111111-
11,’1111 11111111111 11111 111111 1111111111 1111111111 11 11111111
1111111 11111111 111111 111111111 1111111111 111 11111111 11·
11111 111111 1111111 11 11111111 11111 1111111111111111ς 111111111 j .

quiden 11111111 111111111 1111111111111111 11111111 1111111 11111·
111111, 111111 111 111 1111 111 1111111111 1111 1111111111), 11 11111111·
1111 111111 1111 1111 1111111; 111 1111111111 111 1111111111 11 111111
1111111111 111 111111 1111111111 11 111111 1111111 11111111 1111111111-
1111 1111111 111111 11111111 1111 111111 1111111111 11111 1111
11111111111111111 1111111111111111111111 11111111 1111111 11111.
111 11111111111111111, 1111111111). 11111111111111111 formul· 1111

1111111111. 111111) 11111 111 1111111111 1111111111111. 1) 11 1111111 111111 11
1111 11 11111111.

1)·11111111 11 11111111 11111111111111 11 1111111. 1111111111 1111111111·
111111, 111111111111 111 111111111 111111 111111111 111111 - 1111 111111 1111111111
11 11111 n'u’ 11111 111 111111 1111111111 1111111111 βίον 1111111111 -1 11111
111 11111111 1111111111 111111, 11111 1111111111 1111 111 1111111 111111 111 ,
111111111111 11111111 1111111 11111111 11111 1111111111 Quod 1111 111111111111111ν
11111111111111111111111, 111 111111111111111111 lm 1111111111) 111 1111111111
11111111,111111111 1111111111 111111111, 11111 11111 111111, 111 111111111 (1.1.
1111111111111 111111111111, 11111 1111111111111111 111111 principesque 11111111
bu, 1111111 1111111111111, 1111111111 1111111 111 1111111111 1111111111] 1111 11
11111111111111111111111, quenadmodum 111 11111111111111 1111111 11111111111
11111. 11111111111111111111111111111111111111(1111111111111111111111111111
111 1111111111 11 111111 1111111· 111 1111 1111111111 11111111 11111111, e·
111111 ’1111111111 . . 111111 111 11111 1 ’1111111 11 1111111111 11111, 11111
1111111111.

1) 111 1111111111 111111 111111, 1111 1111 11111111111 1111111111 11111111
(1111 1111 111111111111111,111111)1111111111111111111111111111111111 111111 111 1111)
1 11111111 11111 1111111 11 111111 1111111111111111111 1111111111 11111111111
d 11111111 111111111111111111111111· 11111111, 1111111 1111 1111111111 1 111111-
111111 111111, 111111111111 111111111111111 1111111, 1111111 111111 (11. 1111) 111
1111111111 11111. 11111111 1111 111 1111111111111111111111111111111..
111 111 1111111111 1111111111 1111111111 11111 11. 1. 111111 111111 1111 1111111
1111 111111 111111111 1111 11111111 111111 111111 111 11111111 111111 111 1) 111
1111111111 11111 111111 111111 11111111 1111 1111 111.

1) (1111111 11111 111 1111111111 111111111111111111 111-1111111111. 11111111
111111 11111 111 111111 1111 111111 11111,111 1111111, 11111111 qu 11111
11111111, 11111, 1111111111) 1111111 11111111 111111 11111111111111111 111111, 111
οὐ· m 111 11111111, 111 1111111111 1111111111,111 11111111 111111 1111111

1111111111Β111111111111111111111111111111111111111111111111111, ) ·

 

