Praefatio.
1.

Postquam 11111 1111111111 quum 11111111111111111111111111 ’
indignatus 1111111111 1111 potius 1111111 Maximum persecutus 111 qum
1111111111111, 1111111111 111 1111111111, quui 11111111 1111111111

A , 11111111111111111111111111111111111111111 1111111 111111 - ’

brevitatum 11111111, quaedam 11111 1111111111 - opiniones 1111 111
tom 111111 111111111111111111111111111 1111111111, 111 11111111
¹ ’ tradebant. 11111111111111111111111111111 111111 11111111 111111111,

1111 11111 1111111 ¹); 111111 {totum 111, 11 1111111111, 111111 111,

1) 11111111 11111 1111111 11 11111111 11111111 11111111 1111 111111 (1111. 11111
11111111. 1111 11111 111 11111111 111111111111111111. 11. 111111111 (11.
11111. 1111. 1111) 1111111111 (11. 1111111. 11111 11111. 11. 1111111111 ssm-

“ [nont. 1. X] 0111111111 1111111111 0111111111 11111111 111111111111111 ctortu-

1111111111 1111111 1111111111)111111111 (11. rabant 1111. 111111. 1111 111. V
1. 111 11.) 1111111111 (11. 11111. 11111111) 1111111111. 1. 11111111111 111111 ,

11111 1111)11111111 (1111. ortt 111111. 11111. 1111 [1111111] 111. 11 1. 111)

11111111(111111.1111.11111. 11111. 111) Pauly (tutemet. lv 1.1111)1111· ,

11111 (11111111 1. 111) chrm (111111. 1111. 11111. 1. 111) 1111111111 (abab.
' 1111111111. 110) 0111111111 (111 11111111. Put- 1111 1111111 1. 111 11.)
1111111111 (111111. 1. 1111111111. 1111. 1111 1. 1111 111 11111111 1111111111 111
1111111 111 1111111 111 1111111 quotum 1111111 1111111111 1111111 1111111111
11111111 qum 1111111 11111111 1111 11111111 11111 1111111111111. 11. 1111111
abacta· 111111111 111Ι)1 1111111111 1111111111 (1111. 1. 111. 11 11111. 111. 1111
tom. 111 11 11.) tt 11111111 (11 1111111. 111111111111.11111.11111111111111).

” 111111 1111111111 111111111111111 111111111111 qut 11111111 11111111 1111

111111111111111 11111111111111 11111111 111111 (11111 11111111 11111. 1. 11111· v
4111111111111111.11111.)1111111Ι111.111111111111.(111-1111111. ·
4111111111111111111 11111111 11111 11111 1111111 1111 111111111111111 1111

111. 11 111111) 1111111 (111 1111111111 1111 1111111 111111) rrum-t« (1111· ·

1111111111.111.111.111)11
1

 

